RESULTS EXP FINAL
--- Mean fooling probability per (source, target) ---
[[0.1  0.1  0.1  0.08 0.26 0.68 0.1  0.08 0.74 0.14]
 [0.14 0.04 0.08 0.62 0.14 0.18 0.2  0.38 0.26 0.16]
 [0.32 0.02 0.14 0.14 0.56 0.32 0.1  0.24 0.56 0.34]
 [0.28 0.04 0.24 0.16 0.2  0.32 0.26 0.04 0.48 0.  ]
 [0.14 0.2  0.12 0.06 0.1  0.3  0.32 0.34 0.66 0.16]
 [0.22 0.18 0.18 0.18 0.2  0.34 0.06 0.18 0.62 0.22]
 [0.02 0.28 0.12 0.28 0.4  0.26 0.04 0.14 0.34 0.22]
 [0.26 0.04 0.06 0.1  0.16 0.16 0.54 0.16 0.08 0.  ]
 [0.14 0.   0.24 0.26 0.26 0.32 0.26 0.3  0.38 0.22]
 [0.02 0.24 0.08 0.16 0.12 0.26 0.42 0.18 0.36 0.22]]

--- Mean Latent L2 Distances (||Δz||) per (source, target) ---
[[ 7.0289511   1.26878708  4.70417663  4.03138587  6.106253    3.14763827
   4.75386376  6.53686508  2.00319302  1.98974721]
 [ 6.04092798  4.45344515  8.25103359  3.99912862  7.07379236  6.62144833
   4.30745668  9.59353666  7.88512487  7.69578642]
 [ 6.6434288   5.59964581  7.00705242  6.93138871  3.3786319   5.60416274
   7.42239447  3.65447843  0.          6.38680124]
 [ 5.53606219  6.53724513  6.39694848  7.23814754  5.87979679  6.53697963
   5.17057548  6.27690545  0.31999857 10.52335072]
 [ 5.34468889  2.64883667  6.6414763   3.22230808  6.00507126  3.59443634
   3.55982716  6.95970175  2.48605338  5.42074384]
 [ 7.32430639  5.94508528  7.01902571  9.17955151  4.97420235  3.78520074
   5.50592981  9.32644234  2.76981239  8.79841013]
 [ 8.04523439  5.66323075  4.57787733  5.47416306  4.68911426  4.62199186
   7.85011263  4.0619669   2.47292547  4.76701621]
 [ 4.56410203  8.73129292  6.93975677  7.30932159  7.30360236  4.89841151
   1.07207725  7.62187452  4.93662829  4.24070496]
 [ 6.33812404  9.82707376  7.84607906  5.12047529  5.10567822  6.93564434
   3.27832892  8.27782679  5.43406125  7.57190136]
 [ 6.49073887  7.13292937  7.05732164  6.6700469   4.71685064  3.64734907
   2.89163222  7.65611887  5.92339793  6.91142814]]

--- Mean Image L2 Distances (||Δx||) per (source, target) ---
[[5.38880563 3.33510818 4.62885838 3.77290092 4.78382354 3.93048711
  4.94757848 4.94893937 3.67019725 4.04491458]
 [3.24144197 2.86159971 4.69016433 2.9437583  3.67853026 3.09174218
  2.99900365 4.94514427 4.05512493 4.28909159]
 [5.2919034  4.92530336 5.00180321 5.26092067 4.32154517 4.83577204
  6.05481987 4.83742781 2.83864393 4.99064012]
 [4.74101877 4.94092808 4.8059351  4.92615175 4.43604541 4.59167562
  5.02285862 4.95335188 2.74218693 6.17952204]
 [4.47801685 3.11447296 4.86225543 3.42669206 4.45972567 3.55991402
  4.13805432 4.63873034 3.66233339 4.5162539 ]
 [5.74580822 4.84838061 4.91407571 6.1584703  4.91202946 3.76207428
  4.73625836 5.30339527 3.64592414 5.71730375]
 [5.50308528 4.06170912 4.03114095 4.27747526 3.95401917 4.33213406
  5.7154747  4.48993144 3.86242418 4.30468292]
 [3.69934635 5.02575746 4.71869464 4.61474838 4.62013187 3.49749236
  2.85886025 4.9527667  3.45237145 4.80030732]
 [5.29829206 6.95385418 5.62385359 4.43297882 4.76255021 4.86100569
  4.06700649 5.21283298 4.40207057 5.22506566]
 [4.6906867  4.65442419 5.08040228 4.14964657 3.5589036  2.99285913
  3.43143449 4.37497954 4.62142835 5.20122299]]

=== GLOBAL STATISTICS (over all attacked pairs, including i→i) ===
Overall mean fooling probability: 22.22%
Overall mean latent L2 ||Δz||:    5.6572
Overall mean image  L2 ||Δx||:    4.4691
====================================================
